

Graph1, order 6, size 5

0 0 0 0 0 1

0 0 0 0 0 1

0 0 0 0 0 1

0 0 0 0 0 1

0 0 0 0 0 1

1 1 1 1 1 0

Graph2, order 6, size 5

0 0 0 0 0 1

0 0 0 0 0 1

0 0 0 0 0 1

0 0 0 0 1 0

0 0 0 1 0 1

1 1 1 0 1 0

Graph3, order 6, size 5

0 0 0 0 0 1

0 0 0 0 0 1

0 0 0 0 1 0

0 0 0 0 1 1

0 0 1 1 0 0

1 1 0 1 0 0

Graph4, order 6, size 5

0 0 0 0 1 0

0 0 0 0 0 1

0 0 0 0 0 1

0 0 0 0 1 0

1 0 0 1 0 1

0 1 1 0 1 0

Graph5, order 6, size 5

0 0 0 0 0 1

0 0 0 1 0 0

0 0 0 0 1 0

0 1 0 0 0 1

0 0 1 0 0 1

1 0 0 1 1 0

Graph6, order 6, size 5

0 0 0 0 1 0

0 0 0 0 0 1

0 0 0 1 1 0

0 0 1 0 0 1

1 0 1 0 0 0

0 1 0 1 0 0
