

Graph1, order 6, size 6

0 0 0 0 0 1

0 0 0 0 0 1

0 0 0 0 0 1

0 0 0 0 1 1

0 0 0 1 0 1

1 1 1 1 1 0

Graph2, order 6, size 6

0 0 0 0 0 1

0 0 0 0 0 1

0 0 0 0 1 1

0 0 0 0 1 1

0 0 1 1 0 0

1 1 1 1 0 0

Graph3, order 6, size 6

0 0 0 0 0 1

0 0 0 0 0 1

0 0 0 0 1 0

0 0 0 0 1 1

0 0 1 1 0 1

1 1 0 1 1 0

Graph4, order 6, size 6

0 0 0 0 1 0

0 0 0 0 0 1

0 0 0 0 1 1

0 0 0 0 1 1

1 0 1 1 0 0

0 1 1 1 0 0

Graph5, order 6, size 6

0 0 0 0 0 1

0 0 1 0 0 0

0 1 0 0 0 1

0 0 0 0 1 1

0 0 0 1 0 1

1 0 1 1 1 0

Graph6, order 6, size 6

0 0 0 0 1 0

0 0 0 0 0 1

0 0 0 1 1 0

0 0 1 0 0 1

1 0 1 0 0 1

0 1 0 1 1 0

Graph7, order 6, size 6

0 0 0 0 0 1

0 0 0 1 0 1

0 0 0 0 1 1

0 1 0 0 1 0

0 0 1 1 0 0

1 1 1 0 0 0

Graph8, order 6, size 6

0 0 0 1 0 0

0 0 0 0 1 0

0 0 0 0 0 1

1 0 0 0 1 1

0 1 0 1 0 1

0 0 1 1 1 0

Graph9, order 6, size 6

0 0 0 1 0 0

0 0 0 0 1 1

0 0 0 0 1 1

1 0 0 0 0 1

0 1 1 0 0 0

0 1 1 1 0 0

Graph10, order 6, size 6

0 0 0 0 1 0

0 0 0 0 1 1

0 0 0 1 0 1

0 0 1 0 0 1

1 1 0 0 0 0

0 1 1 1 0 0

Graph11, order 6, size 6

0 0 0 0 1 0

0 0 1 0 0 0

0 1 0 0 0 1

0 0 0 0 1 1

1 0 0 1 0 1

0 0 1 1 1 0

Graph12, order 6, size 6

0 0 0 0 1 0

0 0 0 0 1 0

0 0 0 1 0 1

0 0 1 0 0 1

1 1 0 0 0 1

0 0 1 1 1 0

Graph13, order 6, size 6

0 1 1 0 0 0

1 0 0 0 1 0

1 0 0 0 0 1

0 0 0 0 1 1

0 1 0 1 0 0

0 0 1 1 0 0
