

Graph1, order 7, size 7

0 0 0 0 0 0 1

0 0 0 0 0 0 1

0 0 0 0 0 0 1

0 0 0 0 0 0 1

0 0 0 0 0 1 1

0 0 0 0 1 0 1

1 1 1 1 1 1 0

Graph2, order 7, size 7

0 0 0 0 0 0 1

0 0 0 0 0 0 1

0 0 0 0 0 0 1

0 0 0 0 0 1 1

0 0 0 0 0 1 1

0 0 0 1 1 0 0

1 1 1 1 1 0 0

Graph3, order 7, size 7

0 0 0 0 0 0 1

0 0 0 0 0 0 1

0 0 0 0 0 0 1

0 0 0 0 0 1 0

0 0 0 0 0 1 1

0 0 0 1 1 0 1

1 1 1 0 1 1 0

Graph4, order 7, size 7

0 0 0 0 0 0 1

0 0 0 0 0 0 1

0 0 0 0 0 1 0

0 0 0 0 0 1 1

0 0 0 0 0 1 1

0 0 1 1 1 0 0

1 1 0 1 1 0 0

Graph5, order 7, size 7

0 0 0 0 0 1 0

0 0 0 0 0 0 1

0 0 0 0 0 0 1

0 0 0 0 0 1 0

0 0 0 0 0 1 1

1 0 0 1 1 0 1

0 1 1 0 1 1 0

Graph6, order 7, size 7

0 0 0 0 0 0 1

0 0 0 0 0 0 1

0 0 0 1 0 0 0

0 0 1 0 0 0 1

0 0 0 0 0 1 1

0 0 0 0 1 0 1

1 1 0 1 1 1 0

Graph7, order 7, size 7

0 0 0 0 0 0 1

0 0 0 0 0 0 1

0 0 0 0 0 1 0

0 0 0 0 1 0 1

0 0 0 1 0 1 0

0 0 1 0 1 0 1

1 1 0 1 0 1 0

Graph8, order 7, size 7

0 0 0 0 0 0 1

0 0 0 0 0 0 1

0 0 0 0 1 0 0

0 0 0 0 0 1 1

0 0 1 0 0 1 0

0 0 0 1 1 0 1

1 1 0 1 0 1 0

Graph9, order 7, size 7

0 0 0 0 0 0 1

0 0 0 0 0 0 1

0 0 0 0 1 0 1

0 0 0 0 0 1 1

0 0 1 0 0 1 0

0 0 0 1 1 0 0

1 1 1 1 0 0 0

Graph10, order 7, size 7

0 0 0 0 0 0 1

0 0 0 0 0 0 1

0 0 0 0 1 0 0

0 0 0 0 0 1 0

0 0 1 0 0 1 1

0 0 0 1 1 0 1

1 1 0 0 1 1 0

Graph11, order 7, size 7

0 0 0 0 0 0 1

0 0 0 0 1 0 0

0 0 0 0 0 1 1

0 0 0 0 0 1 1

0 1 0 0 0 0 1

0 0 1 1 0 0 0

1 0 1 1 1 0 0

Graph12, order 7, size 7

0 0 0 0 0 0 1

0 0 0 0 0 1 0

0 0 0 0 0 1 1

0 0 0 0 1 0 1

0 0 0 1 0 0 1

0 1 1 0 0 0 0

1 0 1 1 1 0 0

Graph13, order 7, size 7

0 0 0 0 0 0 1

0 0 0 0 0 1 0

0 0 0 1 0 0 0

0 0 1 0 0 0 1

0 0 0 0 0 1 1

0 1 0 0 1 0 1

1 0 0 1 1 1 0

Graph14, order 7, size 7

0 0 0 0 0 0 1

0 0 0 0 0 1 0

0 0 0 0 0 1 0

0 0 0 0 1 0 1

0 0 0 1 0 0 1

0 1 1 0 0 0 1

1 0 0 1 1 1 0

Graph15, order 7, size 7

0 0 0 0 0 0 1

0 0 0 0 0 0 1

0 0 0 0 0 0 1

0 0 0 0 1 1 0

0 0 0 1 0 1 0

0 0 0 1 1 0 1

1 1 1 0 0 1 0

Graph16, order 7, size 7

0 0 0 0 0 1 0

0 0 0 0 0 0 1

0 0 0 1 0 1 0

0 0 1 0 0 0 1

0 0 0 0 0 1 1

1 0 1 0 1 0 0

0 1 0 1 1 0 0

Graph17, order 7, size 7

0 0 0 0 0 0 1

0 0 0 0 1 0 0

0 0 0 0 0 1 1

0 0 0 0 0 1 1

0 1 0 0 0 1 0

0 0 1 1 1 0 0

1 0 1 1 0 0 0

Graph18, order 7, size 7

0 0 0 0 0 0 1

0 0 0 0 0 0 1

0 0 0 0 0 1 1

0 0 0 0 1 1 0

0 0 0 1 0 1 0

0 0 1 1 1 0 0

1 1 1 0 0 0 0

Graph19, order 7, size 7

0 0 0 0 0 0 1

0 0 0 0 1 0 1

0 0 0 0 0 1 1

0 0 0 0 1 1 0

0 1 0 1 0 0 0

0 0 1 1 0 0 0

1 1 1 0 0 0 0

Graph20, order 7, size 7

0 0 0 0 0 1 0

0 0 0 0 0 0 1

0 0 0 1 1 0 0

0 0 1 0 0 1 0

0 0 1 0 0 0 1

1 0 0 1 0 0 1

0 1 0 0 1 1 0

Graph21, order 7, size 7

0 0 0 0 0 0 1

0 0 0 0 1 0 0

0 0 0 0 0 1 0

0 0 0 0 1 1 0

0 1 0 1 0 0 1

0 0 1 1 0 0 1

1 0 0 0 1 1 0

Graph22, order 7, size 7

0 0 0 0 1 0 0

0 0 0 0 0 1 1

0 0 0 0 0 1 1

0 0 0 0 1 0 1

1 0 0 1 0 0 0

0 1 1 0 0 0 0

0 1 1 1 0 0 0

Graph23, order 7, size 7

0 0 0 0 0 0 1

0 0 0 0 1 0 0

0 0 0 0 0 1 1

0 0 0 0 1 1 0

0 1 0 1 0 0 0

0 0 1 1 0 0 1

1 0 1 0 0 1 0

Graph24, order 7, size 7

0 0 0 0 0 0 1

0 0 0 0 0 0 1

0 0 0 0 1 1 0

0 0 0 0 1 1 0

0 0 1 1 0 0 0

0 0 1 1 0 0 1

1 1 0 0 0 1 0

Graph25, order 7, size 7

0 0 0 0 0 0 1

0 0 0 0 0 0 1

0 0 0 0 0 1 0

0 0 0 0 1 1 0

0 0 0 1 0 1 1

0 0 1 1 1 0 0

1 1 0 0 1 0 0

Graph26, order 7, size 7

0 0 0 0 1 0 0

0 0 0 0 0 1 0

0 0 0 1 0 0 1

0 0 1 0 0 0 1

1 0 0 0 0 0 1

0 1 0 0 0 0 1

0 0 1 1 1 1 0

Graph27, order 7, size 7

0 0 0 0 0 0 1

0 0 0 0 1 0 0

0 0 0 1 0 0 1

0 0 1 0 0 1 0

0 1 0 0 0 1 0

0 0 0 1 1 0 1

1 0 1 0 0 1 0

Graph28, order 7, size 7

0 0 0 1 0 0 0

0 0 0 0 1 0 0

0 0 0 0 0 1 1

1 0 0 0 0 1 0

0 1 0 0 0 0 1

0 0 1 1 0 0 1

0 0 1 0 1 1 0

Graph29, order 7, size 7

0 1 0 0 0 0 0

1 0 0 0 0 0 1

0 0 0 0 1 0 1

0 0 0 0 0 1 1

0 0 1 0 0 1 0

0 0 0 1 1 0 0

0 1 1 1 0 0 0

Graph30, order 7, size 7

0 0 0 0 0 0 1

0 0 0 0 1 0 0

0 0 0 1 0 1 0

0 0 1 0 0 1 0

0 1 0 0 0 0 1

0 0 1 1 0 0 1

1 0 0 0 1 1 0

Graph31, order 7, size 7

0 0 0 0 1 0 0

0 0 0 0 0 1 1

0 0 0 1 0 0 1

0 0 1 0 0 0 1

1 0 0 0 0 1 0

0 1 0 0 1 0 0

0 1 1 1 0 0 0

Graph32, order 7, size 7

0 0 0 1 0 0 0

0 0 0 0 0 1 0

0 0 0 0 0 0 1

1 0 0 0 1 0 0

0 0 0 1 0 1 1

0 1 0 0 1 0 1

0 0 1 0 1 1 0

Graph33, order 7, size 7

0 1 1 0 0 0 0

1 0 0 0 0 1 0

1 0 0 0 0 0 1

0 0 0 0 1 1 0

0 0 0 1 0 0 1

0 1 0 1 0 0 0

0 0 1 0 1 0 0
