

Graph1, order 7, size 6

0 0 0 0 0 0 1

0 0 0 0 0 0 1

0 0 0 0 0 0 1

0 0 0 0 0 0 1

0 0 0 0 0 0 1

0 0 0 0 0 0 1

1 1 1 1 1 1 0

Graph2, order 7, size 6

0 0 0 0 0 0 1

0 0 0 0 0 0 1

0 0 0 0 0 0 1

0 0 0 0 0 0 1

0 0 0 0 0 1 0

0 0 0 0 1 0 1

1 1 1 1 0 1 0

Graph3, order 7, size 6

0 0 0 0 0 0 1

0 0 0 0 0 0 1

0 0 0 0 0 0 1

0 0 0 0 0 1 0

0 0 0 0 0 1 1

0 0 0 1 1 0 0

1 1 1 0 1 0 0

Graph4, order 7, size 6

0 0 0 0 0 0 1

0 0 0 0 0 0 1

0 0 0 0 0 0 1

0 0 0 0 0 1 0

0 0 0 0 0 1 0

0 0 0 1 1 0 1

1 1 1 0 0 1 0

Graph5, order 7, size 6

0 0 0 0 0 1 0

0 0 0 0 0 0 1

0 0 0 0 0 0 1

0 0 0 0 0 1 0

0 0 0 0 0 1 1

1 0 0 1 1 0 0

0 1 1 0 1 0 0

Graph6, order 7, size 6

0 0 0 0 0 0 1

0 0 0 0 0 0 1

0 0 0 0 1 0 0

0 0 0 0 0 1 0

0 0 1 0 0 0 1

0 0 0 1 0 0 1

1 1 0 0 1 1 0

Graph7, order 7, size 6

0 0 0 0 0 0 1

0 0 0 0 0 0 1

0 0 0 0 1 0 0

0 0 0 0 0 1 1

0 0 1 0 0 1 0

0 0 0 1 1 0 0

1 1 0 1 0 0 0

Graph8, order 7, size 6

0 0 0 0 0 0 1

0 0 0 0 0 1 0

0 0 0 0 1 0 0

0 0 0 0 0 1 1

0 0 1 0 0 0 1

0 1 0 1 0 0 0

1 0 0 1 1 0 0

Graph9, order 7, size 6

0 0 0 0 1 0 0

0 0 0 0 0 0 1

0 0 0 0 0 0 1

0 0 0 0 0 1 0

1 0 0 0 0 1 0

0 0 0 1 1 0 1

0 1 1 0 0 1 0

Graph10, order 7, size 6

0 0 0 1 0 0 0

0 0 0 0 1 0 0

0 0 0 0 0 1 0

1 0 0 0 0 0 1

0 1 0 0 0 0 1

0 0 1 0 0 0 1

0 0 0 1 1 1 0

Graph11, order 7, size 6

0 0 0 0 0 1 0

0 0 0 0 0 0 1

0 0 0 1 1 0 0

0 0 1 0 0 1 0

0 0 1 0 0 0 1

1 0 0 1 0 0 0

0 1 0 0 1 0 0
