

Graph1, order 7, size 9

0 0 0 0 0 0 1

0 0 0 0 0 0 1

0 0 0 0 0 1 1

0 0 0 0 0 1 1

0 0 0 0 0 1 1

0 0 1 1 1 0 1

1 1 1 1 1 1 0

Graph2, order 7, size 9

0 0 0 0 0 0 1

0 0 0 0 0 1 1

0 0 0 0 0 1 1

0 0 0 0 0 1 1

0 0 0 0 0 1 1

0 1 1 1 1 0 0

1 1 1 1 1 0 0

Graph3, order 7, size 9

0 0 0 0 0 1 0

0 0 0 0 0 0 1

0 0 0 0 0 1 1

0 0 0 0 0 1 1

0 0 0 0 0 1 1

1 0 1 1 1 0 1

0 1 1 1 1 1 0

Graph4, order 7, size 9

0 0 0 0 0 0 1

0 0 0 0 0 0 1

0 0 0 0 1 0 1

0 0 0 0 0 1 1

0 0 1 0 0 1 1

0 0 0 1 1 0 1

1 1 1 1 1 1 0

Graph5, order 7, size 9

0 0 0 0 0 0 1

0 0 0 0 0 1 1

0 0 0 0 0 1 1

0 0 0 0 1 0 1

0 0 0 1 0 0 1

0 1 1 0 0 0 1

1 1 1 1 1 1 0

Graph6, order 7, size 9

0 0 0 0 0 0 1

0 0 0 0 0 0 1

0 0 0 0 0 0 1

0 0 0 0 1 1 1

0 0 0 1 0 1 1

0 0 0 1 1 0 1

1 1 1 1 1 1 0

Graph7, order 7, size 9

0 0 0 0 0 0 1

0 0 0 0 0 1 1

0 0 0 0 0 1 1

0 0 0 0 1 0 1

0 0 0 1 0 1 1

0 1 1 0 1 0 0

1 1 1 1 1 0 0

Graph8, order 7, size 9

0 0 0 0 0 0 1

0 0 0 0 1 0 0

0 0 0 0 0 1 1

0 0 0 0 0 1 1

0 1 0 0 0 1 1

0 0 1 1 1 0 1

1 0 1 1 1 1 0

Graph9, order 7, size 9

0 0 0 0 0 0 1

0 0 0 0 0 1 0

0 0 0 0 1 0 1

0 0 0 0 0 1 1

0 0 1 0 0 1 1

0 1 0 1 1 0 1

1 0 1 1 1 1 0

Graph10, order 7, size 9

0 0 0 0 0 0 1

0 0 0 0 1 0 1

0 0 0 0 0 1 1

0 0 0 0 0 1 1

0 1 0 0 0 1 0

0 0 1 1 1 0 1

1 1 1 1 0 1 0

Graph11, order 7, size 9

0 0 0 0 0 1 1

0 0 0 0 0 1 1

0 0 0 0 0 1 1

0 0 0 0 1 0 1

0 0 0 1 0 0 1

1 1 1 0 0 0 0

1 1 1 1 1 0 0

Graph12, order 7, size 9

0 1 0 0 0 0 0

1 0 0 0 0 0 1

0 0 0 0 0 1 1

0 0 0 0 0 1 1

0 0 0 0 0 1 1

0 0 1 1 1 0 1

0 1 1 1 1 1 0

Graph13, order 7, size 9

0 0 0 0 0 1 0

0 0 0 0 0 1 1

0 0 0 0 0 1 1

0 0 0 0 1 0 1

0 0 0 1 0 0 1

1 1 1 0 0 0 1

0 1 1 1 1 1 0

Graph14, order 7, size 9

0 0 0 0 0 0 1

0 0 0 0 0 0 1

0 0 0 0 0 1 1

0 0 0 0 1 1 1

0 0 0 1 0 1 1

0 0 1 1 1 0 0

1 1 1 1 1 0 0

Graph15, order 7, size 9

0 0 0 0 0 0 1

0 0 0 0 0 0 1

0 0 0 0 0 1 1

0 0 0 0 1 1 0

0 0 0 1 0 1 1

0 0 1 1 1 0 1

1 1 1 0 1 1 0

Graph16, order 7, size 9

0 0 0 0 0 0 1

0 0 0 0 0 0 1

0 0 0 0 0 1 0

0 0 0 0 1 1 1

0 0 0 1 0 1 1

0 0 1 1 1 0 1

1 1 0 1 1 1 0

Graph17, order 7, size 9

0 0 0 0 1 0 0

0 0 0 0 0 1 1

0 0 0 0 0 1 1

0 0 0 0 0 1 1

1 0 0 0 0 1 1

0 1 1 1 1 0 0

0 1 1 1 1 0 0

Graph18, order 7, size 9

0 0 0 0 0 0 1

0 0 0 0 1 1 0

0 0 0 0 0 1 1

0 0 0 0 0 1 1

0 1 0 0 0 1 1

0 1 1 1 1 0 0

1 0 1 1 1 0 0

Graph19, order 7, size 9

0 1 0 0 0 1 0

1 0 0 0 0 0 1

0 0 0 0 0 1 1

0 0 0 0 0 1 1

0 0 0 0 0 1 1

1 0 1 1 1 0 0

0 1 1 1 1 0 0

Graph20, order 7, size 9

0 0 0 0 0 1 0

0 0 0 0 0 0 1

0 0 0 0 0 1 1

0 0 0 0 1 1 1

0 0 0 1 0 1 1

1 0 1 1 1 0 0

0 1 1 1 1 0 0

Graph21, order 7, size 9

0 0 0 0 0 0 1

0 0 0 0 0 0 1

0 0 0 1 1 0 0

0 0 1 0 0 1 1

0 0 1 0 0 1 1

0 0 0 1 1 0 1

1 1 0 1 1 1 0

Graph22, order 7, size 9

0 0 0 0 0 0 1

0 0 0 1 0 0 1

0 0 0 0 0 1 1

0 1 0 0 1 0 0

0 0 0 1 0 1 1

0 0 1 0 1 0 1

1 1 1 0 1 1 0

Graph23, order 7, size 9

0 0 0 0 0 0 1

0 0 0 1 0 0 0

0 0 0 0 0 1 1

0 1 0 0 1 0 1

0 0 0 1 0 1 1

0 0 1 0 1 0 1

1 0 1 1 1 1 0

Graph24, order 7, size 9

0 0 0 0 0 0 1

0 0 0 0 1 0 1

0 0 0 0 0 1 1

0 0 0 0 1 1 0

0 1 0 1 0 0 1

0 0 1 1 0 0 1

1 1 1 0 1 1 0

Graph25, order 7, size 9

0 0 0 0 1 0 1

0 0 0 0 1 0 1

0 0 0 0 0 1 1

0 0 0 0 0 1 1

1 1 0 0 0 0 0

0 0 1 1 0 0 1

1 1 1 1 0 1 0

Graph26, order 7, size 9

0 0 0 0 1 0 0

0 0 0 0 0 1 1

0 0 0 0 0 1 1

0 0 0 0 1 0 1

1 0 0 1 0 0 1

0 1 1 0 0 0 1

0 1 1 1 1 1 0

Graph27, order 7, size 9

0 0 0 0 0 0 1

0 0 0 0 0 1 1

0 0 0 1 1 0 0

0 0 1 0 0 1 1

0 0 1 0 0 1 1

0 1 0 1 1 0 0

1 1 0 1 1 0 0

Graph28, order 7, size 9

0 0 0 0 0 0 1

0 0 0 0 0 1 0

0 0 0 0 1 1 1

0 0 0 0 1 1 1

0 0 1 1 0 0 1

0 1 1 1 0 0 0

1 0 1 1 1 0 0

Graph29, order 7, size 9

0 0 0 0 0 0 1

0 0 0 0 0 1 1

0 0 0 0 1 1 0

0 0 0 0 1 1 1

0 0 1 1 0 0 1

0 1 1 1 0 0 0

1 1 0 1 1 0 0

Graph30, order 7, size 9

0 0 0 0 0 1 0

0 0 0 0 0 0 1

0 0 0 1 1 0 0

0 0 1 0 0 1 1

0 0 1 0 0 1 1

1 0 0 1 1 0 1

0 1 0 1 1 1 0

Graph31, order 7, size 9

0 0 0 0 0 1 1

0 0 0 0 0 1 1

0 0 0 1 0 0 1

0 0 1 0 1 0 0

0 0 0 1 0 1 1

1 1 0 0 1 0 0

1 1 1 0 1 0 0

Graph32, order 7, size 9

0 0 0 0 0 1 0

0 0 0 0 0 1 1

0 0 0 0 1 0 1

0 0 0 0 1 1 1

0 0 1 1 0 0 1

1 1 0 1 0 0 0

0 1 1 1 1 0 0

Graph33, order 7, size 9

0 0 0 0 1 0 0

0 0 0 0 0 1 1

0 0 0 0 0 1 1

0 0 0 0 1 1 1

1 0 0 1 0 0 1

0 1 1 1 0 0 0

0 1 1 1 1 0 0

Graph34, order 7, size 9

0 0 0 0 0 1 1

0 0 0 0 0 1 1

0 0 0 0 1 0 1

0 0 0 0 1 1 0

0 0 1 1 0 0 1

1 1 0 1 0 0 0

1 1 1 0 1 0 0

Graph35, order 7, size 9

0 0 0 0 0 1 0

0 0 1 0 1 0 0

0 1 0 0 0 0 1

0 0 0 0 0 1 1

0 1 0 0 0 1 1

1 0 0 1 1 0 1

0 0 1 1 1 1 0

Graph36, order 7, size 9

0 1 0 0 0 0 0

1 0 0 0 1 0 0

0 0 0 0 0 1 1

0 0 0 0 0 1 1

0 1 0 0 0 1 1

0 0 1 1 1 0 1

0 0 1 1 1 1 0

Graph37, order 7, size 9

0 1 1 0 0 0 0

1 0 0 0 0 1 0

1 0 0 0 0 0 1

0 0 0 0 0 1 1

0 0 0 0 0 1 1

0 1 0 1 1 0 1

0 0 1 1 1 1 0

Graph38, order 7, size 9

0 0 0 0 0 0 1

0 0 0 0 0 0 1

0 0 0 1 0 1 0

0 0 1 0 1 1 0

0 0 0 1 0 1 1

0 0 1 1 1 0 1

1 1 0 0 1 1 0

Graph39, order 7, size 9

0 0 0 0 0 0 1

0 0 0 0 0 0 1

0 0 0 0 1 1 1

0 0 0 0 1 1 1

0 0 1 1 0 1 0

0 0 1 1 1 0 0

1 1 1 1 0 0 0

Graph40, order 7, size 9

0 0 0 0 0 0 1

0 0 0 0 1 0 1

0 0 0 0 0 1 1

0 0 0 0 1 1 1

0 1 0 1 0 1 0

0 0 1 1 1 0 0

1 1 1 1 0 0 0

Graph41, order 7, size 9

0 0 0 0 0 1 0

0 0 0 1 0 0 0

0 0 0 0 0 1 1

0 1 0 0 1 0 1

0 0 0 1 0 1 1

1 0 1 0 1 0 1

0 0 1 1 1 1 0

Graph42, order 7, size 9

0 0 0 0 0 0 1

0 0 0 0 0 1 0

0 0 0 1 0 1 0

0 0 1 0 1 0 1

0 0 0 1 0 1 1

0 1 1 0 1 0 1

1 0 0 1 1 1 0

Graph43, order 7, size 9

0 0 0 0 0 0 1

0 0 0 0 1 0 1

0 0 0 0 1 1 0

0 0 0 0 0 1 1

0 1 1 0 0 1 0

0 0 1 1 1 0 1

1 1 0 1 0 1 0

Graph44, order 7, size 9

0 0 0 0 1 0 0

0 0 0 0 0 1 0

0 0 0 0 0 0 1

0 0 0 0 1 1 1

1 0 0 1 0 1 1

0 1 0 1 1 0 1

0 0 1 1 1 1 0

Graph45, order 7, size 9

0 0 0 0 1 0 1

0 0 0 0 0 1 1

0 0 0 0 0 1 1

0 0 0 0 1 0 1

1 0 0 1 0 1 0

0 1 1 0 1 0 0

1 1 1 1 0 0 0

Graph46, order 7, size 9

0 0 0 0 1 0 0

0 0 0 0 1 0 1

0 0 0 0 0 1 1

0 0 0 0 0 1 1

1 1 0 0 0 1 0

0 0 1 1 1 0 1

0 1 1 1 0 1 0

Graph47, order 7, size 9

0 0 0 0 0 1 0

0 0 0 0 1 0 1

0 0 0 0 1 0 1

0 0 0 0 0 1 1

0 1 1 0 0 1 0

1 0 0 1 1 0 1

0 1 1 1 0 1 0

Graph48, order 7, size 9

0 0 0 0 0 0 1

0 0 0 0 0 0 1

0 0 0 0 1 1 0

0 0 0 0 1 1 0

0 0 1 1 0 1 1

0 0 1 1 1 0 1

1 1 0 0 1 1 0

Graph49, order 7, size 9

0 0 0 0 0 1 0

0 0 0 0 0 0 1

0 0 0 0 1 1 0

0 0 0 0 1 0 1

0 0 1 1 0 1 1

1 0 1 0 1 0 1

0 1 0 1 1 1 0

Graph50, order 7, size 9

0 1 0 0 0 0 1

1 0 0 0 0 0 1

0 0 0 1 0 0 1

0 0 1 0 0 0 1

0 0 0 0 0 1 1

0 0 0 0 1 0 1

1 1 1 1 1 1 0

Graph51, order 7, size 9

0 0 0 0 1 0 1

0 0 0 0 0 1 1

0 0 0 1 0 0 1

0 0 1 0 0 0 1

1 0 0 0 0 1 0

0 1 0 0 1 0 1

1 1 1 1 0 1 0

Graph52, order 7, size 9

0 1 0 0 0 0 0

1 0 0 0 0 0 1

0 0 0 0 1 0 1

0 0 0 0 0 1 1

0 0 1 0 0 1 1

0 0 0 1 1 0 1

0 1 1 1 1 1 0

Graph53, order 7, size 9

0 0 0 0 1 0 0

0 0 0 0 0 1 1

0 0 0 1 0 0 1

0 0 1 0 0 0 1

1 0 0 0 0 1 1

0 1 0 0 1 0 1

0 1 1 1 1 1 0

Graph54, order 7, size 9

0 0 0 0 0 0 1

0 0 1 0 0 0 1

0 1 0 0 0 0 1

0 0 0 0 1 1 0

0 0 0 1 0 1 1

0 0 0 1 1 0 1

1 1 1 0 1 1 0

Graph55, order 7, size 9

0 0 0 0 0 0 1

0 0 1 0 0 0 0

0 1 0 0 0 0 1

0 0 0 0 1 1 1

0 0 0 1 0 1 1

0 0 0 1 1 0 1

1 0 1 1 1 1 0

Graph56, order 7, size 9

0 0 0 0 1 0 0

0 0 0 0 0 1 1

0 0 0 1 0 0 1

0 0 1 0 0 1 1

1 0 0 0 0 1 1

0 1 0 1 1 0 0

0 1 1 1 1 0 0

Graph57, order 7, size 9

0 0 0 0 0 1 0

0 0 0 1 0 0 1

0 0 0 0 1 0 1

0 1 0 0 0 1 1

0 0 1 0 0 1 1

1 0 0 1 1 0 0

0 1 1 1 1 0 0

Graph58, order 7, size 9

0 0 0 0 0 1 1

0 0 0 1 0 0 1

0 0 0 0 1 0 1

0 1 0 0 0 1 0

0 0 1 0 0 1 1

1 0 0 1 1 0 0

1 1 1 0 1 0 0

Graph59, order 7, size 9

0 0 0 1 0 0 0

0 0 0 0 1 0 0

0 0 0 0 0 1 1

1 0 0 0 0 1 1

0 1 0 0 0 1 1

0 0 1 1 1 0 1

0 0 1 1 1 1 0

Graph60, order 7, size 9

0 0 0 0 0 0 1

0 0 0 0 1 0 0

0 0 0 1 0 1 0

0 0 1 0 0 1 1

0 1 0 0 0 1 1

0 0 1 1 1 0 1

1 0 0 1 1 1 0

Graph61, order 7, size 9

0 0 1 0 0 0 0

0 0 0 0 1 1 0

1 0 0 0 0 0 1

0 0 0 0 0 1 1

0 1 0 0 0 1 1

0 1 0 1 1 0 1

0 0 1 1 1 1 0

Graph62, order 7, size 9

0 0 0 0 1 0 0

0 0 1 0 0 1 0

0 1 0 0 0 0 1

0 0 0 0 0 1 1

1 0 0 0 0 1 1

0 1 0 1 1 0 1

0 0 1 1 1 1 0

Graph63, order 7, size 9

0 0 0 0 0 0 1

0 0 0 0 1 1 0

0 0 0 1 0 0 1

0 0 1 0 0 1 0

0 1 0 0 0 1 1

0 1 0 1 1 0 1

1 0 1 0 1 1 0

Graph64, order 7, size 9

0 1 0 0 0 1 0

1 0 0 0 0 0 1

0 0 0 1 0 0 1

0 0 1 0 0 1 0

0 0 0 0 0 1 1

1 0 0 1 1 0 1

0 1 1 0 1 1 0

Graph65, order 7, size 9

0 0 0 0 0 0 1

0 0 1 0 0 0 0

0 1 0 0 0 1 1

0 0 0 0 1 1 1

0 0 0 1 0 1 1

0 0 1 1 1 0 0

1 0 1 1 1 0 0

Graph66, order 7, size 9

0 0 0 0 0 0 1

0 0 0 1 0 0 1

0 0 0 0 1 1 0

0 1 0 0 0 1 1

0 0 1 0 0 1 1

0 0 1 1 1 0 0

1 1 0 1 1 0 0

Graph67, order 7, size 9

0 0 0 0 0 0 1

0 0 1 0 0 0 1

0 1 0 0 0 1 0

0 0 0 0 1 1 1

0 0 0 1 0 1 1

0 0 1 1 1 0 0

1 1 0 1 1 0 0

Graph68, order 7, size 9

0 0 1 0 0 0 0

0 0 0 0 0 1 1

1 0 0 0 0 0 1

0 0 0 0 1 1 1

0 0 0 1 0 1 1

0 1 0 1 1 0 0

0 1 1 1 1 0 0

Graph69, order 7, size 9

0 0 0 0 0 1 1

0 0 1 0 0 0 1

0 1 0 0 0 0 1

0 0 0 0 1 1 0

0 0 0 1 0 1 1

1 0 0 1 1 0 0

1 1 1 0 1 0 0

Graph70, order 7, size 9

0 0 0 0 0 1 0

0 0 1 0 0 0 1

0 1 0 0 0 0 1

0 0 0 0 1 1 1

0 0 0 1 0 1 1

1 0 0 1 1 0 0

0 1 1 1 1 0 0

Graph71, order 7, size 9

0 0 1 0 0 0 0

0 0 0 0 0 0 1

1 0 0 0 0 1 0

0 0 0 0 1 1 1

0 0 0 1 0 1 1

0 0 1 1 1 0 1

0 1 0 1 1 1 0

Graph72, order 7, size 9

0 0 0 0 0 1 0

0 0 0 0 1 1 0

0 0 0 1 0 0 1

0 0 1 0 0 0 1

0 1 0 0 0 1 1

1 1 0 0 1 0 1

0 0 1 1 1 1 0

Graph73, order 7, size 9

0 1 0 0 0 1 0

1 0 0 0 0 1 0

0 0 0 1 0 0 1

0 0 1 0 0 0 1

0 0 0 0 0 1 1

1 1 0 0 1 0 1

0 0 1 1 1 1 0

Graph74, order 7, size 9

0 0 0 0 1 0 1

0 0 1 0 0 0 1

0 1 0 0 0 1 0

0 0 0 0 1 1 0

1 0 0 1 0 0 1

0 0 1 1 0 0 1

1 1 0 0 1 1 0

Graph75, order 7, size 9

0 0 0 0 0 1 0

0 0 1 0 0 0 1

0 1 0 1 0 0 0

0 0 1 0 1 0 1

0 0 0 1 0 1 1

1 0 0 0 1 0 1

0 1 0 1 1 1 0

Graph76, order 7, size 9

0 0 1 0 0 0 0

0 0 0 0 0 1 1

1 0 0 1 0 0 0

0 0 1 0 1 0 1

0 0 0 1 0 1 1

0 1 0 0 1 0 1

0 1 0 1 1 1 0

Graph77, order 7, size 9

0 0 0 0 1 0 1

0 0 0 1 0 0 1

0 0 0 1 0 1 0

0 1 1 0 0 0 0

1 0 0 0 0 1 1

0 0 1 0 1 0 1

1 1 0 0 1 1 0

Graph78, order 7, size 9

0 0 1 0 0 0 1

0 0 0 1 0 0 1

1 0 0 0 1 0 0

0 1 0 0 0 1 0

0 0 1 0 0 1 1

0 0 0 1 1 0 1

1 1 0 0 1 1 0

Graph79, order 7, size 9

0 0 0 0 1 0 0

0 0 0 0 0 1 1

0 0 0 1 1 0 0

0 0 1 0 0 1 1

1 0 1 0 0 0 1

0 1 0 1 0 0 1

0 1 0 1 1 1 0

Graph80, order 7, size 9

0 0 0 0 0 1 0

0 0 0 0 1 0 1

0 0 0 1 1 0 0

0 0 1 0 0 1 1

0 1 1 0 0 0 1

1 0 0 1 0 0 1

0 1 0 1 1 1 0

Graph81, order 7, size 9

0 0 0 0 1 0 1

0 0 0 0 0 1 1

0 0 0 1 1 0 0

0 0 1 0 0 1 0

1 0 1 0 0 0 1

0 1 0 1 0 0 1

1 1 0 0 1 1 0

Graph82, order 7, size 9

0 0 0 0 1 0 0

0 0 0 0 0 1 0

0 0 0 1 1 0 1

0 0 1 0 0 1 1

1 0 1 0 0 0 1

0 1 0 1 0 0 1

0 0 1 1 1 1 0

Graph83, order 7, size 9

0 0 0 0 0 0 1

0 0 0 1 0 1 0

0 0 0 0 1 1 0

0 1 0 0 1 0 1

0 0 1 1 0 0 1

0 1 1 0 0 0 1

1 0 0 1 1 1 0

Graph84, order 7, size 9

0 0 0 0 0 0 1

0 0 1 0 1 0 0

0 1 0 0 0 1 0

0 0 0 0 1 1 1

0 1 0 1 0 0 1

0 0 1 1 0 0 1

1 0 0 1 1 1 0

Graph85, order 7, size 9

0 0 0 1 0 1 0

0 0 0 0 1 0 1

0 0 0 0 0 1 1

1 0 0 0 1 0 1

0 1 0 1 0 1 0

1 0 1 0 1 0 0

0 1 1 1 0 0 0

Graph86, order 7, size 9

0 0 0 1 0 0 1

0 0 0 0 1 0 1

0 0 0 0 0 1 1

1 0 0 0 1 1 0

0 1 0 1 0 1 0

0 0 1 1 1 0 0

1 1 1 0 0 0 0

Graph87, order 7, size 9

0 1 0 0 0 0 1

1 0 0 0 0 0 1

0 0 0 0 1 1 0

0 0 0 0 1 1 0

0 0 1 1 0 0 1

0 0 1 1 0 0 1

1 1 0 0 1 1 0

Graph88, order 7, size 9

0 1 0 0 0 0 0

1 0 0 0 0 0 1

0 0 0 1 1 0 0

0 0 1 0 0 1 1

0 0 1 0 0 1 1

0 0 0 1 1 0 1

0 1 0 1 1 1 0

Graph89, order 7, size 9

0 1 0 0 0 0 1

1 0 0 0 0 0 1

0 0 0 1 1 0 0

0 0 1 0 0 1 0

0 0 1 0 0 1 1

0 0 0 1 1 0 1

1 1 0 0 1 1 0

Graph90, order 7, size 9

0 0 0 0 1 0 0

0 0 1 1 0 0 0

0 1 0 0 0 1 1

0 1 0 0 0 1 1

1 0 0 0 0 1 1

0 0 1 1 1 0 0

0 0 1 1 1 0 0

Graph91, order 7, size 9

0 0 0 1 1 0 0

0 0 1 0 0 1 0

0 1 0 0 0 0 1

1 0 0 0 0 1 1

1 0 0 0 0 1 1

0 1 0 1 1 0 0

0 0 1 1 1 0 0

Graph92, order 7, size 9

0 0 0 0 0 1 0

0 0 1 1 0 0 0

0 1 0 0 0 1 1

0 1 0 0 1 0 1

0 0 0 1 0 1 1

1 0 1 0 1 0 0

0 0 1 1 1 0 0

Graph93, order 7, size 9

0 1 0 0 0 0 0

1 0 1 0 0 0 0

0 1 0 1 1 0 0

0 0 1 0 0 1 1

0 0 1 0 0 1 1

0 0 0 1 1 0 1

0 0 0 1 1 1 0

Graph94, order 7, size 9

0 0 0 1 1 0 0

0 0 0 0 0 1 1

0 0 0 0 0 1 1

1 0 0 0 1 1 0

1 0 0 1 0 0 1

0 1 1 1 0 0 0

0 1 1 0 1 0 0

Graph95, order 7, size 9

0 0 0 1 1 0 0

0 0 1 0 0 1 0

0 1 0 0 0 0 1

1 0 0 0 1 1 0

1 0 0 1 0 0 1

0 1 0 1 0 0 1

0 0 1 0 1 1 0

Graph96, order 7, size 9

0 0 0 0 1 0 0

0 0 1 1 0 0 0

0 1 0 1 0 1 0

0 1 1 0 0 0 1

1 0 0 0 0 1 1

0 0 1 0 1 0 1

0 0 0 1 1 1 0

Graph97, order 7, size 9

0 0 0 1 0 1 0

0 0 0 0 1 0 1

0 0 0 0 0 1 1

1 0 0 0 1 1 0

0 1 0 1 0 0 1

1 0 1 1 0 0 0

0 1 1 0 1 0 0

Graph98, order 7, size 9

0 0 1 0 0 0 0

0 0 1 1 0 0 0

1 1 0 0 0 0 1

0 1 0 0 1 1 0

0 0 0 1 0 1 1

0 0 0 1 1 0 1

0 0 1 0 1 1 0

Graph99, order 7, size 9

0 0 1 0 0 0 1

0 0 1 0 0 0 1

1 1 0 0 0 0 0

0 0 0 0 1 1 0

0 0 0 1 0 1 1

0 0 0 1 1 0 1

1 1 0 0 1 1 0

Graph100, order 7, size 9

0 0 1 0 0 0 0

0 0 1 0 0 0 1

1 1 0 0 0 0 0

0 0 0 0 1 1 1

0 0 0 1 0 1 1

0 0 0 1 1 0 1

0 1 0 1 1 1 0

Graph101, order 7, size 9

0 0 0 0 1 0 1

0 0 0 0 1 0 1

0 0 0 1 0 1 0

0 0 1 0 0 1 0

1 1 0 0 0 0 1

0 0 1 1 0 0 1

1 1 0 0 1 1 0

Graph102, order 7, size 9

0 0 0 0 0 1 0

0 0 0 0 0 1 1

0 0 0 1 1 0 0

0 0 1 0 1 0 1

0 0 1 1 0 0 1

1 1 0 0 0 0 1

0 1 0 1 1 1 0

Graph103, order 7, size 9

0 0 0 0 0 1 0

0 0 0 0 0 1 0

0 0 0 1 1 0 1

0 0 1 0 1 0 1

0 0 1 1 0 0 1

1 1 0 0 0 0 1

0 0 1 1 1 1 0

Graph104, order 7, size 9

0 0 0 0 1 1 0

0 0 0 0 1 0 1

0 0 0 0 0 1 1

0 0 0 0 1 1 1

1 1 0 1 0 0 0

1 0 1 1 0 0 0

0 1 1 1 0 0 0

Graph105, order 7, size 9

0 0 1 0 0 1 0

0 0 1 0 0 0 1

1 1 0 0 0 0 0

0 0 0 0 1 1 1

0 0 0 1 0 1 1

1 0 0 1 1 0 0

0 1 0 1 1 0 0

Graph106, order 7, size 9

0 0 0 0 0 1 1

0 0 1 0 0 0 1

0 1 0 0 1 0 0

0 0 0 0 1 1 1

0 0 1 1 0 1 0

1 0 0 1 1 0 0

1 1 0 1 0 0 0

Graph107, order 7, size 9

0 0 0 0 1 1 0

0 0 1 0 0 0 1

0 1 0 0 0 0 1

0 0 0 0 1 1 1

1 0 0 1 0 1 0

1 0 0 1 1 0 0

0 1 1 1 0 0 0
