

Graph1, order 8, size 7

0 0 0 0 0 0 0 1

0 0 0 0 0 0 0 1

0 0 0 0 0 0 0 1

0 0 0 0 0 0 0 1

0 0 0 0 0 0 0 1

0 0 0 0 0 0 0 1

0 0 0 0 0 0 0 1

1 1 1 1 1 1 1 0

Graph2, order 8, size 7

0 0 0 0 0 0 0 1

0 0 0 0 0 0 0 1

0 0 0 0 0 0 0 1

0 0 0 0 0 0 0 1

0 0 0 0 0 0 0 1

0 0 0 0 0 0 1 0

0 0 0 0 0 1 0 1

1 1 1 1 1 0 1 0

Graph3, order 8, size 7

0 0 0 0 0 0 0 1

0 0 0 0 0 0 0 1

0 0 0 0 0 0 0 1

0 0 0 0 0 0 0 1

0 0 0 0 0 0 1 0

0 0 0 0 0 0 1 1

0 0 0 0 1 1 0 0

1 1 1 1 0 1 0 0

Graph4, order 8, size 7

0 0 0 0 0 0 0 1

0 0 0 0 0 0 0 1

0 0 0 0 0 0 0 1

0 0 0 0 0 0 0 1

0 0 0 0 0 0 1 0

0 0 0 0 0 0 1 0

0 0 0 0 1 1 0 1

1 1 1 1 0 0 1 0

Graph5, order 8, size 7

0 0 0 0 0 0 0 1

0 0 0 0 0 0 0 1

0 0 0 0 0 0 0 1

0 0 0 0 0 0 1 0

0 0 0 0 0 0 1 0

0 0 0 0 0 0 1 1

0 0 0 1 1 1 0 0

1 1 1 0 0 1 0 0

Graph6, order 8, size 7

0 0 0 0 0 0 1 0

0 0 0 0 0 0 0 1

0 0 0 0 0 0 0 1

0 0 0 0 0 0 0 1

0 0 0 0 0 0 1 0

0 0 0 0 0 0 1 0

1 0 0 0 1 1 0 1

0 1 1 1 0 0 1 0

Graph7, order 8, size 7

0 0 0 0 0 0 0 1

0 0 0 0 0 0 0 1

0 0 0 0 0 0 0 1

0 0 0 0 0 1 0 0

0 0 0 0 0 0 1 0

0 0 0 1 0 0 0 1

0 0 0 0 1 0 0 1

1 1 1 0 0 1 1 0

Graph8, order 8, size 7

0 0 0 0 0 0 0 1

0 0 0 0 0 0 0 1

0 0 0 0 0 0 0 1

0 0 0 0 0 1 0 0

0 0 0 0 0 0 1 0

0 0 0 1 0 0 1 0

0 0 0 0 1 1 0 1

1 1 1 0 0 0 1 0

Graph9, order 8, size 7

0 0 0 0 0 0 0 1

0 0 0 0 0 0 0 1

0 0 0 0 0 0 0 1

0 0 0 0 0 1 0 0

0 0 0 0 0 0 1 1

0 0 0 1 0 0 1 0

0 0 0 0 1 1 0 0

1 1 1 0 1 0 0 0

Graph10, order 8, size 7

0 0 0 0 0 0 0 1

0 0 0 0 0 0 0 1

0 0 0 0 0 0 1 0

0 0 0 0 0 1 0 0

0 0 0 0 0 0 1 1

0 0 0 1 0 0 0 1

0 0 1 0 1 0 0 0

1 1 0 0 1 1 0 0

Graph11, order 8, size 7

0 0 0 0 0 0 0 1

0 0 0 0 0 0 0 1

0 0 0 0 0 1 0 0

0 0 0 0 0 0 1 0

0 0 0 0 0 0 1 0

0 0 1 0 0 0 0 1

0 0 0 1 1 0 0 1

1 1 0 0 0 1 1 0

Graph12, order 8, size 7

0 0 0 0 0 0 1 0

0 0 0 0 0 0 1 0

0 0 0 0 0 0 0 1

0 0 0 0 0 0 0 1

0 0 0 0 0 1 1 0

0 0 0 0 1 0 0 1

1 1 0 0 1 0 0 0

0 0 1 1 0 1 0 0

Graph13, order 8, size 7

0 0 0 0 0 0 0 1

0 0 0 0 0 0 1 0

0 0 0 0 0 0 1 0

0 0 0 0 1 0 0 0

0 0 0 1 0 0 0 1

0 0 0 0 0 0 1 1

0 1 1 0 0 1 0 0

1 0 0 0 1 1 0 0

Graph14, order 8, size 7

0 0 0 0 0 0 0 1

0 0 0 0 0 0 0 1

0 0 0 0 0 0 1 0

0 0 0 0 1 0 0 1

0 0 0 1 0 1 0 0

0 0 0 0 1 0 1 0

0 0 1 0 0 1 0 0

1 1 0 1 0 0 0 0

Graph15, order 8, size 7

0 0 0 0 0 0 0 1

0 0 0 0 0 1 0 0

0 0 0 0 0 0 1 0

0 0 0 0 0 1 0 1

0 0 0 0 0 0 1 1

0 1 0 1 0 0 0 0

0 0 1 0 1 0 0 0

1 0 0 1 1 0 0 0

Graph16, order 8, size 7

0 0 0 0 0 0 0 1

0 0 0 0 0 0 1 0

0 0 0 0 0 0 1 0

0 0 0 0 0 1 0 0

0 0 0 0 0 1 0 1

0 0 0 1 1 0 0 0

0 1 1 0 0 0 0 1

1 0 0 0 1 0 1 0

Graph17, order 8, size 7

0 0 0 0 0 0 0 1

0 0 0 0 0 1 0 0

0 0 0 0 0 0 1 0

0 0 0 0 0 0 1 0

0 0 0 0 0 1 0 0

0 1 0 0 1 0 0 1

0 0 1 1 0 0 0 1

1 0 0 0 0 1 1 0

Graph18, order 8, size 7

0 0 0 0 0 0 0 1

0 0 0 0 1 0 0 0

0 0 0 0 0 1 0 0

0 0 0 0 0 0 1 0

0 1 0 0 0 0 0 1

0 0 1 0 0 0 0 1

0 0 0 1 0 0 0 1

1 0 0 0 1 1 1 0

Graph19, order 8, size 7

0 0 0 0 0 0 0 1

0 0 0 0 0 0 1 0

0 0 0 0 1 0 0 0

0 0 0 0 0 1 0 0

0 0 1 0 0 0 1 0

0 0 0 1 0 0 0 1

0 1 0 0 1 0 0 1

1 0 0 0 0 1 1 0

Graph20, order 8, size 7

0 0 0 0 0 0 0 1

0 0 0 0 0 0 1 0

0 0 0 0 1 0 0 0

0 0 0 0 0 1 0 1

0 0 1 0 0 0 0 1

0 0 0 1 0 0 1 0

0 1 0 0 0 1 0 0

1 0 0 1 1 0 0 0

Graph21, order 8, size 7

0 0 0 0 0 0 1 0

0 0 0 0 1 0 0 0

0 0 0 0 0 1 0 0

0 0 0 0 0 0 1 1

0 1 0 0 0 0 0 1

0 0 1 0 0 0 0 1

1 0 0 1 0 0 0 0

0 0 0 1 1 1 0 0

Graph22, order 8, size 7

0 0 0 0 0 0 1 0

0 0 0 0 0 0 1 0

0 0 0 0 1 0 0 0

0 0 0 0 0 1 0 0

0 0 1 0 0 0 0 1

0 0 0 1 0 0 0 1

1 1 0 0 0 0 0 1

0 0 0 0 1 1 1 0

Graph23, order 8, size 7

0 0 0 0 0 0 0 1

0 0 0 0 0 0 1 0

0 0 0 1 1 0 0 0

0 0 1 0 0 1 0 0

0 0 1 0 0 0 1 0

0 0 0 1 0 0 0 1

0 1 0 0 1 0 0 0

1 0 0 0 0 1 0 0
