

Graph1, order 9, size 8

0 0 0 0 0 0 0 0 1

0 0 0 0 0 0 0 0 1

0 0 0 0 0 0 0 0 1

0 0 0 0 0 0 0 0 1

0 0 0 0 0 0 0 0 1

0 0 0 0 0 0 0 0 1

0 0 0 0 0 0 0 0 1

0 0 0 0 0 0 0 0 1

1 1 1 1 1 1 1 1 0

Graph2, order 9, size 8

0 0 0 0 0 0 0 0 1

0 0 0 0 0 0 0 0 1

0 0 0 0 0 0 0 0 1

0 0 0 0 0 0 0 0 1

0 0 0 0 0 0 0 0 1

0 0 0 0 0 0 0 0 1

0 0 0 0 0 0 0 1 0

0 0 0 0 0 0 1 0 1

1 1 1 1 1 1 0 1 0

Graph3, order 9, size 8

0 0 0 0 0 0 0 0 1

0 0 0 0 0 0 0 0 1

0 0 0 0 0 0 0 0 1

0 0 0 0 0 0 0 0 1

0 0 0 0 0 0 0 0 1

0 0 0 0 0 0 0 1 0

0 0 0 0 0 0 0 1 1

0 0 0 0 0 1 1 0 0

1 1 1 1 1 0 1 0 0

Graph4, order 9, size 8

0 0 0 0 0 0 0 0 1

0 0 0 0 0 0 0 0 1

0 0 0 0 0 0 0 0 1

0 0 0 0 0 0 0 0 1

0 0 0 0 0 0 0 0 1

0 0 0 0 0 0 0 1 0

0 0 0 0 0 0 0 1 0

0 0 0 0 0 1 1 0 1

1 1 1 1 1 0 0 1 0

Graph5, order 9, size 8

0 0 0 0 0 0 0 0 1

0 0 0 0 0 0 0 0 1

0 0 0 0 0 0 0 0 1

0 0 0 0 0 0 0 0 1

0 0 0 0 0 0 0 1 0

0 0 0 0 0 0 0 1 0

0 0 0 0 0 0 0 1 1

0 0 0 0 1 1 1 0 0

1 1 1 1 0 0 1 0 0

Graph6, order 9, size 8

0 0 0 0 0 0 0 0 1

0 0 0 0 0 0 0 0 1

0 0 0 0 0 0 0 0 1

0 0 0 0 0 0 0 0 1

0 0 0 0 0 0 0 1 0

0 0 0 0 0 0 0 1 0

0 0 0 0 0 0 0 1 0

0 0 0 0 1 1 1 0 1

1 1 1 1 0 0 0 1 0

Graph7, order 9, size 8

0 0 0 0 0 0 0 1 0

0 0 0 0 0 0 0 0 1

0 0 0 0 0 0 0 0 1

0 0 0 0 0 0 0 0 1

0 0 0 0 0 0 0 1 0

0 0 0 0 0 0 0 1 0

0 0 0 0 0 0 0 1 1

1 0 0 0 1 1 1 0 0

0 1 1 1 0 0 1 0 0

Graph8, order 9, size 8

0 0 0 0 0 0 0 0 1

0 0 0 0 0 0 0 0 1

0 0 0 0 0 0 0 0 1

0 0 0 0 0 0 0 0 1

0 0 0 0 0 0 1 0 0

0 0 0 0 0 0 0 1 0

0 0 0 0 1 0 0 0 1

0 0 0 0 0 1 0 0 1

1 1 1 1 0 0 1 1 0

Graph9, order 9, size 8

0 0 0 0 0 0 0 0 1

0 0 0 0 0 0 0 0 1

0 0 0 0 0 0 0 0 1

0 0 0 0 0 0 0 0 1

0 0 0 0 0 0 1 0 0

0 0 0 0 0 0 0 1 0

0 0 0 0 1 0 0 1 0

0 0 0 0 0 1 1 0 1

1 1 1 1 0 0 0 1 0

Graph10, order 9, size 8

0 0 0 0 0 0 0 0 1

0 0 0 0 0 0 0 0 1

0 0 0 0 0 0 0 0 1

0 0 0 0 0 0 0 0 1

0 0 0 0 0 0 1 0 0

0 0 0 0 0 0 0 1 1

0 0 0 0 1 0 0 1 0

0 0 0 0 0 1 1 0 0

1 1 1 1 0 1 0 0 0

Graph11, order 9, size 8

0 0 0 0 0 0 0 0 1

0 0 0 0 0 0 0 0 1

0 0 0 0 0 0 0 0 1

0 0 0 0 0 0 0 1 0

0 0 0 0 0 0 1 0 0

0 0 0 0 0 0 0 1 1

0 0 0 0 1 0 0 0 1

0 0 0 1 0 1 0 0 0

1 1 1 0 0 1 1 0 0

Graph12, order 9, size 8

0 0 0 0 0 0 0 0 1

0 0 0 0 0 0 0 0 1

0 0 0 0 0 0 0 0 1

0 0 0 0 0 0 1 0 0

0 0 0 0 0 0 0 1 0

0 0 0 0 0 0 0 1 0

0 0 0 1 0 0 0 0 1

0 0 0 0 1 1 0 0 1

1 1 1 0 0 0 1 1 0

Graph13, order 9, size 8

0 0 0 0 0 0 0 0 1

0 0 0 0 0 0 0 0 1

0 0 0 0 0 0 0 0 1

0 0 0 0 0 0 0 1 0

0 0 0 0 0 0 0 1 0

0 0 0 0 0 0 1 0 0

0 0 0 0 0 1 0 1 1

0 0 0 1 1 0 1 0 0

1 1 1 0 0 0 1 0 0

Graph14, order 9, size 8

0 0 0 0 0 0 0 0 1

0 0 0 0 0 0 0 0 1

0 0 0 0 0 0 0 0 1

0 0 0 0 0 0 1 0 0

0 0 0 0 0 0 0 1 0

0 0 0 0 0 0 0 1 1

0 0 0 1 0 0 0 1 0

0 0 0 0 1 1 1 0 0

1 1 1 0 0 1 0 0 0

Graph15, order 9, size 8

0 0 0 0 0 0 0 0 1

0 0 0 0 0 0 0 0 1

0 0 0 0 0 0 0 0 1

0 0 0 0 0 0 0 1 0

0 0 0 0 0 0 0 1 0

0 0 0 0 0 0 1 0 1

0 0 0 0 0 1 0 1 0

0 0 0 1 1 0 1 0 0

1 1 1 0 0 1 0 0 0

Graph16, order 9, size 8

0 0 0 0 0 0 0 0 1

0 0 0 0 0 0 0 0 1

0 0 0 0 0 0 0 1 0

0 0 0 0 0 0 0 1 0

0 0 0 0 0 1 0 0 0

0 0 0 0 1 0 0 0 1

0 0 0 0 0 0 0 1 1

0 0 1 1 0 0 1 0 0

1 1 0 0 0 1 1 0 0

Graph17, order 9, size 8

0 0 0 0 0 0 1 0 0

0 0 0 0 0 0 0 0 1

0 0 0 0 0 0 0 0 1

0 0 0 0 0 0 0 0 1

0 0 0 0 0 0 0 1 0

0 0 0 0 0 0 0 1 0

1 0 0 0 0 0 0 1 0

0 0 0 0 1 1 1 0 1

0 1 1 1 0 0 0 1 0

Graph18, order 9, size 8

0 0 0 0 0 0 0 0 1

0 0 0 0 0 0 0 0 1

0 0 0 0 0 0 0 0 1

0 0 0 0 0 1 0 0 0

0 0 0 0 0 0 1 0 0

0 0 0 1 0 0 0 1 0

0 0 0 0 1 0 0 1 0

0 0 0 0 0 1 1 0 1

1 1 1 0 0 0 0 1 0

Graph19, order 9, size 8

0 0 0 0 0 0 0 0 1

0 0 0 0 0 0 0 0 1

0 0 0 0 0 0 0 0 1

0 0 0 0 0 1 0 0 0

0 0 0 0 0 0 1 0 1

0 0 0 1 0 0 0 1 0

0 0 0 0 1 0 0 1 0

0 0 0 0 0 1 1 0 0

1 1 1 0 1 0 0 0 0

Graph20, order 9, size 8

0 0 0 0 0 0 0 0 1

0 0 0 0 0 0 0 0 1

0 0 0 0 0 0 0 0 1

0 0 0 0 0 0 1 0 0

0 0 0 0 0 0 0 1 0

0 0 0 0 0 0 1 1 0

0 0 0 1 0 1 0 0 0

0 0 0 0 1 1 0 0 1

1 1 1 0 0 0 0 1 0

Graph21, order 9, size 8

0 0 0 0 0 0 0 0 1

0 0 0 0 0 0 0 0 1

0 0 0 0 0 0 1 0 0

0 0 0 0 0 0 0 1 0

0 0 0 0 0 0 1 0 1

0 0 0 0 0 0 0 1 1

0 0 1 0 1 0 0 0 0

0 0 0 1 0 1 0 0 0

1 1 0 0 1 1 0 0 0

Graph22, order 9, size 8

0 0 0 0 0 0 0 0 1

0 0 0 0 0 0 0 0 1

0 0 0 0 0 0 1 0 0

0 0 0 0 0 0 0 1 0

0 0 0 0 0 0 0 1 0

0 0 0 0 0 0 1 0 1

0 0 1 0 0 1 0 0 0

0 0 0 1 1 0 0 0 1

1 1 0 0 0 1 0 1 0

Graph23, order 9, size 8

0 0 0 0 0 0 0 0 1

0 0 0 0 0 0 0 0 1

0 0 0 0 0 0 1 0 0

0 0 0 0 0 0 0 1 0

0 0 0 0 0 0 0 1 0

0 0 0 0 0 0 1 0 0

0 0 1 0 0 1 0 0 1

0 0 0 1 1 0 0 0 1

1 1 0 0 0 0 1 1 0

Graph24, order 9, size 8

0 0 0 0 0 0 0 1 0

0 0 0 0 0 0 0 1 0

0 0 0 0 0 0 0 0 1

0 0 0 0 0 0 0 0 1

0 0 0 0 0 0 1 1 0

0 0 0 0 0 0 1 0 1

0 0 0 0 1 1 0 0 0

1 1 0 0 1 0 0 0 0

0 0 1 1 0 1 0 0 0

Graph25, order 9, size 8

0 0 0 0 0 0 0 0 1

0 0 0 0 0 0 0 0 1

0 0 0 0 0 0 0 1 0

0 0 0 0 0 0 0 1 0

0 0 0 0 0 0 1 0 0

0 0 0 0 0 0 1 1 0

0 0 0 0 1 1 0 0 1

0 0 1 1 0 1 0 0 0

1 1 0 0 0 0 1 0 0

Graph26, order 9, size 8

0 0 0 0 0 0 0 0 1

0 0 0 0 0 0 0 1 0

0 0 0 0 0 0 0 1 0

0 0 0 0 0 0 1 0 0

0 0 0 0 0 0 0 1 1

0 0 0 0 0 0 1 0 1

0 0 0 1 0 1 0 0 0

0 1 1 0 1 0 0 0 0

1 0 0 0 1 1 0 0 0

Graph27, order 9, size 8

0 0 0 0 0 0 0 0 1

0 0 0 0 0 0 0 0 1

0 0 0 0 0 1 0 0 0

0 0 0 0 0 0 1 0 0

0 0 0 0 0 0 0 1 0

0 0 1 0 0 0 0 0 1

0 0 0 1 0 0 0 0 1

0 0 0 0 1 0 0 0 1

1 1 0 0 0 1 1 1 0

Graph28, order 9, size 8

0 0 0 0 0 0 0 0 1

0 0 0 0 0 0 0 0 1

0 0 0 0 0 0 1 0 0

0 0 0 0 0 1 0 0 0

0 0 0 0 0 0 0 1 0

0 0 0 1 0 0 0 0 1

0 0 1 0 0 0 0 1 0

0 0 0 0 1 0 1 0 1

1 1 0 0 0 1 0 1 0

Graph29, order 9, size 8

0 0 0 0 0 0 0 0 1

0 0 0 0 0 0 0 0 1

0 0 0 0 0 0 0 1 0

0 0 0 0 0 1 0 0 0

0 0 0 0 0 0 1 0 1

0 0 0 1 0 0 0 0 1

0 0 0 0 1 0 0 1 0

0 0 1 0 0 0 1 0 0

1 1 0 0 1 1 0 0 0

Graph30, order 9, size 8

0 0 0 0 0 0 0 0 1

0 0 0 0 0 0 0 1 0

0 0 0 0 0 1 0 0 0

0 0 0 0 0 0 1 0 0

0 0 0 0 0 0 0 1 1

0 0 1 0 0 0 0 0 1

0 0 0 1 0 0 0 0 1

0 1 0 0 1 0 0 0 0

1 0 0 0 1 1 1 0 0

Graph31, order 9, size 8

0 0 0 0 0 0 0 0 1

0 0 0 0 0 0 0 1 0

0 0 0 0 0 0 0 1 0

0 0 0 0 0 1 0 0 0

0 0 0 0 0 0 1 0 0

0 0 0 1 0 0 0 0 1

0 0 0 0 1 0 0 0 1

0 1 1 0 0 0 0 0 1

1 0 0 0 0 1 1 1 0

Graph32, order 9, size 8

0 0 0 0 0 0 0 0 1

0 0 0 0 0 0 0 1 0

0 0 0 0 0 1 0 0 0

0 0 0 0 0 0 1 0 0

0 0 0 0 0 0 0 1 1

0 0 1 0 0 0 0 1 0

0 0 0 1 0 0 0 0 1

0 1 0 0 1 1 0 0 0

1 0 0 0 1 0 1 0 0

Graph33, order 9, size 8

0 0 0 0 0 0 0 0 1

0 0 0 0 0 0 0 1 0

0 0 0 0 0 0 0 1 0

0 0 0 0 1 0 0 0 0

0 0 0 1 0 0 0 0 1

0 0 0 0 0 0 1 0 1

0 0 0 0 0 1 0 1 0

0 1 1 0 0 0 1 0 0

1 0 0 0 1 1 0 0 0

Graph34, order 9, size 8

0 0 0 0 0 0 0 1 0

0 0 0 0 0 0 0 1 0

0 0 0 0 0 1 0 0 0

0 0 0 0 0 0 1 0 0

0 0 0 0 0 0 0 1 1

0 0 1 0 0 0 0 0 1

0 0 0 1 0 0 0 0 1

1 1 0 0 1 0 0 0 0

0 0 0 0 1 1 1 0 0

Graph35, order 9, size 8

0 0 0 0 0 0 0 0 1

0 0 0 0 0 0 0 0 1

0 0 0 0 0 0 0 1 0

0 0 0 0 1 0 0 0 1

0 0 0 1 0 1 0 0 0

0 0 0 0 1 0 1 0 0

0 0 0 0 0 1 0 1 0

0 0 1 0 0 0 1 0 0

1 1 0 1 0 0 0 0 0

Graph36, order 9, size 8

0 0 0 0 0 0 0 0 1

0 0 0 0 0 0 0 1 0

0 0 0 0 0 0 1 0 0

0 0 0 0 0 0 0 1 1

0 0 0 0 0 1 0 0 1

0 0 0 0 1 0 1 0 0

0 0 1 0 0 1 0 0 0

0 1 0 1 0 0 0 0 0

1 0 0 1 1 0 0 0 0

Graph37, order 9, size 8

0 0 0 0 0 1 0 0 0

0 0 0 0 0 0 1 0 0

0 0 0 0 0 0 0 0 1

0 0 0 0 0 0 0 0 1

0 0 0 0 0 0 0 1 0

1 0 0 0 0 0 1 0 0

0 1 0 0 0 1 0 1 0

0 0 0 0 1 0 1 0 1

0 0 1 1 0 0 0 1 0

Graph38, order 9, size 8

0 0 0 0 0 0 0 0 1

0 0 0 0 0 0 0 1 0

0 0 0 0 0 0 0 1 0

0 0 0 0 0 1 0 0 0

0 0 0 0 0 0 1 0 1

0 0 0 1 0 0 1 0 0

0 0 0 0 1 1 0 0 0

0 1 1 0 0 0 0 0 1

1 0 0 0 1 0 0 1 0

Graph39, order 9, size 8

0 0 0 0 0 0 0 0 1

0 0 0 0 0 0 0 1 0

0 0 0 0 1 0 0 0 0

0 0 0 0 0 0 1 0 1

0 0 1 0 0 0 0 0 1

0 0 0 0 0 0 1 1 0

0 0 0 1 0 1 0 0 0

0 1 0 0 0 1 0 0 0

1 0 0 1 1 0 0 0 0

Graph40, order 9, size 8

0 0 0 0 0 0 0 0 1

0 0 0 0 0 0 0 1 0

0 0 0 0 0 0 1 0 0

0 0 0 0 1 0 0 0 0

0 0 0 1 0 0 0 1 0

0 0 0 0 0 0 1 0 1

0 0 1 0 0 1 0 0 0

0 1 0 0 1 0 0 0 1

1 0 0 0 0 1 0 1 0

Graph41, order 9, size 8

0 0 0 0 0 1 0 0 0

0 0 0 0 0 0 1 0 0

0 0 0 0 0 0 0 1 0

0 0 0 0 0 0 1 0 1

0 0 0 0 0 0 0 1 1

1 0 0 0 0 0 0 0 1

0 1 0 1 0 0 0 0 0

0 0 1 0 1 0 0 0 0

0 0 0 1 1 1 0 0 0

Graph42, order 9, size 8

0 0 0 0 0 0 0 1 0

0 0 0 0 0 0 0 1 0

0 0 0 0 0 0 1 0 0

0 0 0 0 1 0 0 0 0

0 0 0 1 0 0 0 0 1

0 0 0 0 0 0 1 0 1

0 0 1 0 0 1 0 0 0

1 1 0 0 0 0 0 0 1

0 0 0 0 1 1 0 1 0

Graph43, order 9, size 8

0 0 0 0 0 1 0 0 0

0 0 0 0 0 0 0 1 0

0 0 0 0 0 0 0 0 1

0 0 0 0 0 0 0 0 1

0 0 0 0 0 0 0 1 0

1 0 0 0 0 0 1 0 0

0 0 0 0 0 1 0 1 1

0 1 0 0 1 0 1 0 0

0 0 1 1 0 0 1 0 0

Graph44, order 9, size 8

0 0 0 0 1 0 0 0 0

0 0 0 0 0 1 0 0 0

0 0 0 0 0 0 1 0 0

0 0 0 0 0 0 0 1 0

1 0 0 0 0 0 0 0 1

0 1 0 0 0 0 0 0 1

0 0 1 0 0 0 0 0 1

0 0 0 1 0 0 0 0 1

0 0 0 0 1 1 1 1 0

Graph45, order 9, size 8

0 0 0 0 0 0 0 1 0

0 0 0 0 0 0 1 0 0

0 0 0 0 1 0 0 0 0

0 0 0 0 0 1 0 0 0

0 0 1 0 0 0 0 0 1

0 0 0 1 0 0 0 0 1

0 1 0 0 0 0 0 1 0

1 0 0 0 0 0 1 0 1

0 0 0 0 1 1 0 1 0

Graph46, order 9, size 8

0 0 0 0 0 0 0 1 0

0 0 0 0 1 0 0 0 0

0 0 0 0 0 1 0 0 0

0 0 0 0 0 0 1 0 1

0 1 0 0 0 0 0 0 1

0 0 1 0 0 0 0 0 1

0 0 0 1 0 0 0 1 0

1 0 0 0 0 0 1 0 0

0 0 0 1 1 1 0 0 0

Graph47, order 9, size 8

0 0 0 0 0 0 0 0 1

0 0 0 0 0 0 0 1 0

0 0 0 1 1 0 0 0 0

0 0 1 0 0 1 0 0 0

0 0 1 0 0 0 1 0 0

0 0 0 1 0 0 0 1 0

0 0 0 0 1 0 0 0 1

0 1 0 0 0 1 0 0 0

1 0 0 0 0 0 1 0 0
